Breadth-first search (Start: 0; Goal: 61)
Result:
 - The time to escape the maze: 45 minutes
 - The list of explored nodes: [0, 1, 8, 2, 9, 16, 10, 17, 24, 18, 25, 19, 26, 11, 20, 27, 3, 28, 35, 4, 29, 34, 36, 5, 30, 33, 37, 6, 31, 38, 32, 23, 39, 46, 40, 15, 47, 45, 48, 7, 14, 55, 44, 53, 61]
 - The list of nodes on the path found: [0, 1, 2, 10, 18, 19, 20, 28, 29, 30, 38, 46, 45, 53, 61]

Uniform-cost search (Start: 0; Goal: 61)
Result:
 - The time to escape the maze: 50 minutes
 - The list of explored nodes: [0, 1, 8, 2, 9, 16, 10, 17, 24, 18, 25, 19, 26, 11, 20, 27, 3, 28, 35, 4, 29, 34, 36, 5, 30, 33, 37, 6, 31, 32, 38, 23, 39, 40, 46, 15, 45, 47, 48, 7, 14, 44, 53, 55, 56, 13, 43, 52, 57, 61]
 - The list of nodes on the path found: [0, 1, 2, 10, 18, 19, 20, 28, 29, 30, 38, 46, 45, 53, 61]

Iterative deepening search (Start: 0; Goal: 61)
Result:
 - The time to escape the maze: 513 minutes
 - The list of explored nodes: 
   * depth = 0: [0]
   * depth = 1: [0, 1, 8]
   * depth = 2: [0, 1, 2, 8, 9, 16]
   * depth = 3: [0, 1, 2, 10, 8, 9, 16, 17, 24]
   * depth = 4: [0, 1, 2, 10, 18, 8, 9, 16, 17, 18, 24, 25]
   * depth = 5: [0, 1, 2, 10, 18, 17, 19, 8, 9, 16, 17, 18, 10, 19, 24, 25, 26]
   * depth = 6: [0, 1, 2, 10, 18, 17, 16, 19, 11, 20, 8, 9, 16, 17, 18, 10, 2, 19, 11, 20, 24, 25, 26, 27]
   * depth = 7: [0, 1, 2, 10, 18, 17, 16, 8, 24, 19, 11, 3, 20, 28, 8, 9, 16, 17, 18, 10, 2, 1, 19, 11, 3, 20, 28, 24, 25, 26, 27, 35]
   * depth = 8: [0, 1, 2, 10, 18, 17, 16, 8, 9, 24, 25, 19, 11, 3, 4, 20, 28, 29, 8, 9, 16, 17, 18, 10, 2, 1, 19, 11, 3, 4, 20, 28, 29, 24, 25, 26, 27, 35, 34, 36]
   * depth = 9: [0, 1, 2, 10, 18, 17, 16, 8, 9, 24, 25, 26, 19, 11, 3, 4, 5, 20, 28, 29, 30, 8, 9, 16, 17, 18, 10, 2, 1, 19, 11, 3, 4, 5, 20, 28, 29, 30, 24, 25, 26, 27, 35, 34, 33, 36, 37]
   * depth = 10: [0, 1, 2, 10, 18, 17, 16, 8, 9, 24, 25, 26, 27, 19, 11, 3, 4, 5, 6, 20, 28, 29, 30, 31, 38, 8, 9, 16, 17, 18, 10, 2, 1, 19, 11, 3, 4, 5, 6, 20, 28, 29, 30, 31, 38, 24, 25, 26, 27, 35, 34, 33, 32, 36, 37]
   * depth = 11: [0, 1, 2, 10, 18, 17, 16, 8, 9, 24, 25, 26, 27, 35, 19, 11, 3, 4, 5, 6, 20, 28, 29, 30, 31, 23, 38, 39, 46, 8, 9, 16, 17, 18, 10, 2, 1, 19, 11, 3, 4, 5, 6, 20, 28, 29, 30, 31, 23, 38, 39, 46, 24, 25, 26, 27, 35, 34, 33, 32, 40, 36, 37]
   * depth = 12: [0, 1, 2, 10, 18, 17, 16, 8, 9, 24, 25, 26, 27, 35, 34, 36, 19, 11, 3, 4, 5, 6, 20, 28, 29, 30, 31, 23, 15, 38, 39, 47, 46, 45, 8, 9, 16, 17, 18, 10, 2, 1, 19, 11, 3, 4, 5, 6, 20, 28, 29, 30, 31, 23, 15, 38, 39, 47, 46, 45, 24, 25, 26, 27, 35, 34, 33, 32, 40, 48, 36, 37]
   * depth = 13: [0, 1, 2, 10, 18, 17, 16, 8, 9, 24, 25, 26, 27, 35, 34, 33, 36, 37, 19, 11, 3, 4, 5, 6, 20, 28, 29, 30, 31, 23, 15, 7, 14, 38, 39, 47, 55, 46, 45, 44, 53, 8, 9, 16, 17, 18, 10, 2, 1, 19, 11, 3, 4, 5, 6, 20, 28, 29, 30, 31, 23, 15, 7, 14, 38, 39, 47, 55, 46, 45, 44, 53, 24, 25, 26, 27, 35, 34, 33, 32, 40, 48, 56, 36, 37]
   * depth = 14: [0, 1, 2, 10, 18, 17, 16, 8, 9, 24, 25, 26, 27, 35, 34, 33, 32, 36, 37, 19, 11, 3, 4, 5, 6, 20, 28, 29, 30, 31, 23, 15, 7, 14, 13, 38, 39, 47, 55, 63, 46, 45, 44, 43, 53, 52, 61]
 - The list of nodes on the path found: [0, 1, 2, 10, 18, 19, 20, 28, 29, 30, 38, 46, 45, 53, 61]

Greedy-best first search (Start: 0; Goal: 61)
Result:
 - The time to escape the maze: 15 minutes
 - The list of explored nodes: [0, 1, 2, 10, 18, 19, 20, 28, 29, 30, 38, 46, 45, 53, 61]
 - The list of nodes on the path found: [0, 1, 2, 10, 18, 19, 20, 28, 29, 30, 38, 46, 45, 53, 61]

Tree-search A* (Start: 0; Goal: 61)
Result:
 - The time to escape the maze: 41 minutes
 - The list of explored nodes: [0, 1, 2, 8, 9, 10, 16, 17, 18, 18, 19, 19, 20, 20, 24, 25, 26, 27, 28, 28, 29, 29, 35, 36, 37, 10, 11, 11, 17, 30, 30, 34, 38, 38, 46, 45, 46, 45, 53, 53, 61]
 - The list of nodes on the path found: [0, 1, 2, 10, 18, 19, 20, 28, 29, 30, 38, 46, 45, 53, 61]
