Breadth-first search (Start: 0; Goal: 61)
Result:
 - The time to escape the maze: 51
 - The list of explored nodes: [0, 1, 8, 2, 9, 16, 10, 17, 24, 18, 25, 19, 26, 11, 20, 27, 3, 28, 35, 4, 29, 34, 36, 5, 30, 37, 33, 6, 31, 32, 23, 39, 40, 15, 38, 47, 48, 7, 14, 46, 55, 56, 13, 45, 63, 57, 12, 21, 44, 53, 61]
 - The list of nodes on the path found: [0, 1, 2, 10, 18, 19, 20, 28, 29, 30, 31, 39, 38, 46, 45, 53, 61]

Uniform-cost search (Start: 0; Goal: 61)
Result:
 - The time to escape the maze: 58
 - The list of explored nodes: [0, 1, 8, 2, 9, 16, 10, 17, 24, 18, 25, 19, 26, 11, 20, 27, 3, 28, 35, 4, 29, 34, 36, 5, 30, 33, 37, 6, 31, 32, 23, 39, 40, 15, 38, 47, 48, 7, 14, 46, 55, 56, 13, 45, 57, 63, 12, 21, 44, 53, 58, 62, 22, 43, 52, 54, 59, 61]
 - The list of nodes on the path found: [0, 1, 2, 10, 18, 19, 20, 28, 29, 30, 31, 39, 38, 46, 45, 53, 61]

Iterative deepening search (Start: 0; Goal: 61)
Result:
 - The time to escape the maze: 488
 - The list of explored nodes: 
   * depth = 0: [0]
   * depth = 1: [0, 1, 8]
   * depth = 2: [0, 1, 2, 8, 9, 16]
   * depth = 3: [0, 1, 2, 10, 8, 9, 16, 17, 24]
   * depth = 4: [0, 1, 2, 10, 18, 8, 9, 16, 17, 24, 25]
   * depth = 5: [0, 1, 2, 10, 18, 19, 8, 9, 16, 17, 24, 25, 26]
   * depth = 6: [0, 1, 2, 10, 18, 19, 11, 20, 8, 9, 16, 17, 24, 25, 26, 27]
   * depth = 7: [0, 1, 2, 10, 18, 19, 11, 3, 20, 28, 8, 9, 16, 17, 24, 25, 26, 27, 35]
   * depth = 8: [0, 1, 2, 10, 18, 19, 11, 3, 4, 20, 28, 29, 8, 9, 16, 17, 24, 25, 26, 27, 35, 34, 36]
   * depth = 9: [0, 1, 2, 10, 18, 19, 11, 3, 4, 5, 20, 28, 29, 30, 37, 8, 9, 16, 17, 24, 25, 26, 27, 35, 34, 33, 36, 37]
   * depth = 10: [0, 1, 2, 10, 18, 19, 11, 3, 4, 5, 6, 20, 28, 29, 30, 31, 37, 36, 8, 9, 16, 17, 24, 25, 26, 27, 35, 34, 33, 32, 36, 37, 29]
   * depth = 11: [0, 1, 2, 10, 18, 19, 11, 3, 4, 5, 6, 20, 28, 29, 30, 31, 23, 39, 37, 36, 35, 8, 9, 16, 17, 24, 25, 26, 27, 35, 34, 33, 32, 40, 36, 37, 29, 28, 30]
   * depth = 12: [0, 1, 2, 10, 18, 19, 11, 3, 4, 5, 6, 20, 28, 29, 30, 31, 23, 15, 39, 38, 47, 37, 36, 35, 27, 34, 8, 9, 16, 17, 24, 25, 26, 27, 35, 34, 33, 32, 40, 48, 36, 37, 29, 28, 20, 30, 31]
   * depth = 13: [0, 1, 2, 10, 18, 19, 11, 3, 4, 5, 6, 20, 28, 29, 30, 31, 23, 15, 7, 14, 39, 38, 46, 47, 55, 37, 36, 35, 27, 26, 34, 33, 8, 9, 16, 17, 24, 25, 26, 27, 35, 34, 33, 32, 40, 48, 56, 36, 37, 29, 28, 20, 19, 30, 31, 23, 39]
   * depth = 14: [0, 1, 2, 10, 18, 19, 11, 3, 4, 5, 6, 20, 28, 29, 30, 31, 23, 15, 7, 14, 13, 39, 38, 46, 45, 47, 55, 63, 37, 36, 35, 27, 26, 25, 34, 33, 32, 8, 9, 16, 17, 24, 25, 26, 27, 35, 34, 33, 32, 40, 48, 56, 57, 36, 37, 29, 28, 20, 19, 11, 18, 30, 31, 23, 15, 39, 38, 47]
   * depth = 15: [0, 1, 2, 10, 18, 19, 11, 3, 4, 5, 6, 20, 28, 29, 30, 31, 23, 15, 7, 14, 13, 12, 21, 39, 38, 46, 45, 44, 53, 47, 55, 63, 62, 37, 36, 35, 27, 26, 25, 24, 34, 33, 32, 40, 8, 9, 16, 17, 24, 25, 26, 27, 35, 34, 33, 32, 40, 48, 56, 57, 58, 36, 37, 29, 28, 20, 19, 11, 3, 18, 10, 30, 31, 23, 15, 7, 14, 39, 38, 46, 47, 55]
   * depth = 16: [0, 1, 2, 10, 18, 19, 11, 3, 4, 5, 6, 20, 28, 29, 30, 31, 23, 15, 7, 14, 13, 12, 21, 22, 39, 38, 46, 45, 44, 43, 53, 52, 61]
 - The list of nodes on the path found: [0, 1, 2, 10, 18, 19, 20, 28, 29, 30, 31, 39, 38, 46, 45, 53, 61]

Greedy-best first search (Start: 0; Goal: 61)
Result:
 - The time to escape the maze: 21
 - The list of explored nodes: [0, 1, 2, 10, 18, 19, 20, 28, 29, 37, 36, 30, 35, 27, 31, 39, 38, 46, 45, 53, 61]
 - The list of nodes on the path found: [0, 1, 2, 10, 18, 19, 20, 28, 29, 30, 31, 39, 38, 46, 45, 53, 61]

Tree-search A* (Start: 0; Goal: 61)
Result:
 - The time to escape the maze: 42
 - The list of explored nodes: [0, 1, 2, 8, 9, 10, 16, 17, 18, 19, 20, 24, 25, 26, 27, 28, 29, 35, 36, 37, 37, 11, 29, 30, 34, 36, 3, 4, 5, 28, 30, 31, 33, 35, 39, 38, 46, 45, 47, 53, 55, 61]
 - The list of nodes on the path found: [0, 1, 2, 10, 18, 19, 20, 28, 29, 30, 31, 39, 38, 46, 45, 53, 61]
